depth: 46
CKKS scheme is using ring dimension 1024

FHEW scheme is using lattice parameter 32, logQ 25, and modulus q 4096

create the model:
Shape of input_3d: 3x224x224
ResNet-18 model is being loaded...
Loaded Conv2d weights from ../python_model/saved_models/ResNet-18/parameters/conv1_weight.npy
Weight size: 64x3x7x7
Loaded Bias from ../python_model/saved_models/ResNet-18/parameters/bn1_weight.npy
Loaded Bias from ../python_model/saved_models/ResNet-18/parameters/bn1_bias.npy
Loaded Bias from ../python_model/saved_models/ResNet-18/parameters/bn1_running_mean.npy
Loaded Bias from ../python_model/saved_models/ResNet-18/parameters/bn1_running_var.npy
Loaded Conv2d weights from ../python_model/saved_models/ResNet-18/parameters/maxpool_0_weight.npy
Weight size: 64x64x3x3
Loaded Bias from ../python_model/saved_models/ResNet-18/parameters/maxpool_1_weight.npy
Loaded Bias from ../python_model/saved_models/ResNet-18/parameters/maxpool_1_bias.npy
Loaded Bias from ../python_model/saved_models/ResNet-18/parameters/maxpool_1_running_mean.npy
Loaded Bias from ../python_model/saved_models/ResNet-18/parameters/maxpool_1_running_var.npy
Loaded Conv2d weights from ../python_model/saved_models/ResNet-18/parameters/layer1_0_conv1_weight.npy
Weight size: 64x64x3x3
Loaded Bias from ../python_model/saved_models/ResNet-18/parameters/layer1_0_bn1_weight.npy
Loaded Bias from ../python_model/saved_models/ResNet-18/parameters/layer1_0_bn1_bias.npy
Loaded Bias from ../python_model/saved_models/ResNet-18/parameters/layer1_0_bn1_running_mean.npy
Loaded Bias from ../python_model/saved_models/ResNet-18/parameters/layer1_0_bn1_running_var.npy
Loaded Conv2d weights from ../python_model/saved_models/ResNet-18/parameters/layer1_0_conv2_weight.npy
Weight size: 64x64x3x3
Loaded Bias from ../python_model/saved_models/ResNet-18/parameters/layer1_0_bn2_weight.npy
Loaded Bias from ../python_model/saved_models/ResNet-18/parameters/layer1_0_bn2_bias.npy
Loaded Bias from ../python_model/saved_models/ResNet-18/parameters/layer1_0_bn2_running_mean.npy
Loaded Bias from ../python_model/saved_models/ResNet-18/parameters/layer1_0_bn2_running_var.npy
Loaded Conv2d weights from ../python_model/saved_models/ResNet-18/parameters/layer1_1_conv1_weight.npy
Weight size: 64x64x3x3
Loaded Bias from ../python_model/saved_models/ResNet-18/parameters/layer1_1_bn1_weight.npy
Loaded Bias from ../python_model/saved_models/ResNet-18/parameters/layer1_1_bn1_bias.npy
Loaded Bias from ../python_model/saved_models/ResNet-18/parameters/layer1_1_bn1_running_mean.npy
Loaded Bias from ../python_model/saved_models/ResNet-18/parameters/layer1_1_bn1_running_var.npy
Loaded Conv2d weights from ../python_model/saved_models/ResNet-18/parameters/layer1_1_conv2_weight.npy
Weight size: 64x64x3x3
Loaded Bias from ../python_model/saved_models/ResNet-18/parameters/layer1_1_bn2_weight.npy
Loaded Bias from ../python_model/saved_models/ResNet-18/parameters/layer1_1_bn2_bias.npy
Loaded Bias from ../python_model/saved_models/ResNet-18/parameters/layer1_1_bn2_running_mean.npy
Loaded Bias from ../python_model/saved_models/ResNet-18/parameters/layer1_1_bn2_running_var.npy
Plaintext[0]: (0.604932, 0.502183, 0.433684, 0.38231, 0.330936, 0.313811, 0.279562, 0.245312, 0.228187, 0.193938, 0.159688, 0.039815, 0.0226902, 0.0226902, 0.0911894, 0.193938, 0.296686, 0.450809, 0.639181, 0.793304, 0, 0, 0, 0, 0, 0, 0, 0, 0, 0, 0, 0, 0, 0, 0, 0, 0, 0, 0, 0, 0, 0, 0, 0, 0, 0, 0, 0, 0, 0, 0, 0, 0, 0, 0, 0, 0, 0, 0, 0, 0, 0, 0, 0, 0, 0, 0, 0, 0, 0, 0, 0, 0, 0, 0, 0, 0, 0, 0, 0, 0, 0, 0, 0, 0, 0, 0, 0, 0, 0, 0, 0, 0, 0, 0, 0, 0, 0, 0, 0, 0, 0, 0, 0, 0, 0, 0, 0, 0, 0, 0, 0, 0, 0, 0, 0, 0, 0, 0, 0, 0, 0, 0, 0, 0, 0, 0, 0, 0, 0, 0, 0, 0, 0, 0, 0, 0, 0, 0, 0, 0, 0, 0, 0, 0, 0, 0, 0, 0, 0, 0, 0, 0, 0, 0, 0, 0, 0, 0, 0, 0, 0, 0, 0, 0, 0, 0, 0, 0, 0, 0, 0, 0, 0, 0, 0, 0, 0, 0, 0, 0, 0, 0, 0, 0, 0, 0, 0, 0, 0, 0, 0, 0, 0, 0, 0, 0, 0, 0, 0, 0, 0, 0, 0, 0, 0, 0, 0, 0, 0, 0, 0, 0, 0, 0, 0, 0, 0, 0, 0, 0, 0, 0, 0, -0.565126, -0.617647, -0.670168, -0.740196, -0.77521, -0.810224, -0.810224, -0.810224, -0.880252, -0.915266, -0.932773, -0.967787, -1.03782, -1.02031, -0.985294, -0.915266, -0.827731, -0.652661, -0.495098, -0.285014,  ... ); Estimated precision: 51 bits

Plaintext[0]: (-1.22928, -1.299, -1.33386, -1.40357, -1.43843, -1.43843, -1.40357, -1.43843, -1.49072, -1.47329, -1.45586, -1.50815, -1.54301, -1.54301, -1.49072, -1.47329, -1.45586, -1.33386, -1.15956, -0.967843,  ... ); Estimated precision: 51 bits

Plaintext[1]: (0.604932, 0.502183, 0.450809, 0.399435, 0.365185, 0.313811, 0.296686, 0.262437, 0.279562, 0.245312, 0.193938, 0.125439, 0.0740646, 0.0740646, 0.108314, 0.228187, 0.348061, 0.450809, 0.622057, 0.74193, 0, 0, 0, 0, 0, 0, 0, 0, 0, 0, 0, 0, 0, 0, 0, 0, 0, 0, 0, 0, 0, 0, 0, 0, 0, 0, 0, 0, 0, 0, 0, 0, 0, 0, 0, 0, 0, 0, 0, 0, 0, 0, 0, 0, 0, 0, 0, 0, 0, 0, 0, 0, 0, 0, 0, 0, 0, 0, 0, 0, 0, 0, 0, 0, 0, 0, 0, 0, 0, 0, 0, 0, 0, 0, 0, 0, 0, 0, 0, 0, 0, 0, 0, 0, 0, 0, 0, 0, 0, 0, 0, 0, 0, 0, 0, 0, 0, 0, 0, 0, 0, 0, 0, 0, 0, 0, 0, 0, 0, 0, 0, 0, 0, 0, 0, 0, 0, 0, 0, 0, 0, 0, 0, 0, 0, 0, 0, 0, 0, 0, 0, 0, 0, 0, 0, 0, 0, 0, 0, 0, 0, 0, 0, 0, 0, 0, 0, 0, 0, 0, 0, 0, 0, 0, 0, 0, 0, 0, 0, 0, 0, 0, 0, 0, 0, 0, 0, 0, 0, 0, 0, 0, 0, 0, 0, 0, 0, 0, 0, 0, 0, 0, 0, 0, 0, 0, 0, 0, 0, 0, 0, 0, 0, 0, 0, 0, 0, 0, 0, 0, 0, 0, 0, 0, -0.565126, -0.60014, -0.652661, -0.740196, -0.77521, -0.792717, -0.792717, -0.827731, -0.827731, -0.862745, -0.915266, -0.915266, -0.967787, -0.967787, -0.95028, -0.880252, -0.77521, -0.635154, -0.460084, -0.302521,  ... ); Estimated precision: 51 bits

Plaintext[1]: (-1.26414, -1.28157, -1.31643, -1.36871, -1.421, -1.43843, -1.421, -1.47329, -1.49072, -1.47329, -1.49072, -1.45586, -1.45586, -1.49072, -1.50815, -1.49072, -1.421, -1.31643, -1.14213, -1.0027,  ... ); Estimated precision: 51 bits

Plaintext[2]: (0.553558, 0.519308, 0.467934, 0.41656, 0.399435, 0.365185, 0.348061, 0.348061, 0.330936, 0.296686, 0.245312, 0.193938, 0.159688, 0.142564, 0.159688, 0.245312, 0.365185, 0.450809, 0.639181, 0.724805, 0, 0, 0, 0, 0, 0, 0, 0, 0, 0, 0, 0, 0, 0, 0, 0, 0, 0, 0, 0, 0, 0, 0, 0, 0, 0, 0, 0, 0, 0, 0, 0, 0, 0, 0, 0, 0, 0, 0, 0, 0, 0, 0, 0, 0, 0, 0, 0, 0, 0, 0, 0, 0, 0, 0, 0, 0, 0, 0, 0, 0, 0, 0, 0, 0, 0, 0, 0, 0, 0, 0, 0, 0, 0, 0, 0, 0, 0, 0, 0, 0, 0, 0, 0, 0, 0, 0, 0, 0, 0, 0, 0, 0, 0, 0, 0, 0, 0, 0, 0, 0, 0, 0, 0, 0, 0, 0, 0, 0, 0, 0, 0, 0, 0, 0, 0, 0, 0, 0, 0, 0, 0, 0, 0, 0, 0, 0, 0, 0, 0, 0, 0, 0, 0, 0, 0, 0, 0, 0, 0, 0, 0, 0, 0, 0, 0, 0, 0, 0, 0, 0, 0, 0, 0, 0, 0, 0, 0, 0, 0, 0, 0, 0, 0, 0, 0, 0, 0, 0, 0, 0, 0, 0, 0, 0, 0, 0, 0, 0, 0, 0, 0, 0, 0, 0, 0, 0, 0, 0, 0, 0, 0, 0, 0, 0, 0, 0, 0, 0, 0, 0, 0, 0, 0, -0.60014, -0.617647, -0.652661, -0.740196, -0.757703, -0.757703, -0.757703, -0.757703, -0.77521, -0.810224, -0.845238, -0.862745, -0.932773, -0.915266, -0.915266, -0.862745, -0.77521, -0.635154, -0.460084, -0.320028,  ... ); Estimated precision: 51 bits

Plaintext[2]: (-1.299, -1.28157, -1.31643, -1.36871, -1.38614, -1.40357, -1.40357, -1.43843, -1.43843, -1.45586, -1.49072, -1.47329, -1.47329, -1.49072, -1.52558, -1.49072, -1.40357, -1.31643, -1.14213, -0.985272,  ... ); Estimated precision: 51 bits

Plaintext[3]: (0.519308, 0.485059, 0.450809, 0.399435, 0.399435, 0.399435, 0.38231, 0.38231, 0.38231, 0.365185, 0.330936, 0.279562, 0.262437, 0.245312, 0.245312, 0.279562, 0.348061, 0.433684, 0.570682, 0.673431, 0, 0, 0, 0, 0, 0, 0, 0, 0, 0, 0, 0, 0, 0, 0, 0, 0, 0, 0, 0, 0, 0, 0, 0, 0, 0, 0, 0, 0, 0, 0, 0, 0, 0, 0, 0, 0, 0, 0, 0, 0, 0, 0, 0, 0, 0, 0, 0, 0, 0, 0, 0, 0, 0, 0, 0, 0, 0, 0, 0, 0, 0, 0, 0, 0, 0, 0, 0, 0, 0, 0, 0, 0, 0, 0, 0, 0, 0, 0, 0, 0, 0, 0, 0, 0, 0, 0, 0, 0, 0, 0, 0, 0, 0, 0, 0, 0, 0, 0, 0, 0, 0, 0, 0, 0, 0, 0, 0, 0, 0, 0, 0, 0, 0, 0, 0, 0, 0, 0, 0, 0, 0, 0, 0, 0, 0, 0, 0, 0, 0, 0, 0, 0, 0, 0, 0, 0, 0, 0, 0, 0, 0, 0, 0, 0, 0, 0, 0, 0, 0, 0, 0, 0, 0, 0, 0, 0, 0, 0, 0, 0, 0, 0, 0, 0, 0, 0, 0, 0, 0, 0, 0, 0, 0, 0, 0, 0, 0, 0, 0, 0, 0, 0, 0, 0, 0, 0, 0, 0, 0, 0, 0, 0, 0, 0, 0, 0, 0, 0, 0, 0, 0, 0, 0, -0.635154, -0.652661, -0.687675, -0.740196, -0.740196, -0.740196, -0.740196, -0.722689, -0.722689, -0.740196, -0.757703, -0.792717, -0.862745, -0.845238, -0.845238, -0.862745, -0.792717, -0.652661, -0.512605, -0.372549,  ... ); Estimated precision: 51 bits

Plaintext[3]: (-1.299, -1.299, -1.33386, -1.38614, -1.38614, -1.36871, -1.38614, -1.38614, -1.40357, -1.40357, -1.43843, -1.47329, -1.47329, -1.45586, -1.49072, -1.49072, -1.43843, -1.33386, -1.21185, -1.03756,  ... ); Estimated precision: 51 bits

Plaintext[4]: (0.41656, 0.38231, 0.348061, 0.313811, 0.313811, 0.330936, 0.365185, 0.365185, 0.38231, 0.399435, 0.38231, 0.330936, 0.313811, 0.279562, 0.296686, 0.296686, 0.330936, 0.41656, 0.467934, 0.587807, 0, 0, 0, 0, 0, 0, 0, 0, 0, 0, 0, 0, 0, 0, 0, 0, 0, 0, 0, 0, 0, 0, 0, 0, 0, 0, 0, 0, 0, 0, 0, 0, 0, 0, 0, 0, 0, 0, 0, 0, 0, 0, 0, 0, 0, 0, 0, 0, 0, 0, 0, 0, 0, 0, 0, 0, 0, 0, 0, 0, 0, 0, 0, 0, 0, 0, 0, 0, 0, 0, 0, 0, 0, 0, 0, 0, 0, 0, 0, 0, 0, 0, 0, 0, 0, 0, 0, 0, 0, 0, 0, 0, 0, 0, 0, 0, 0, 0, 0, 0, 0, 0, 0, 0, 0, 0, 0, 0, 0, 0, 0, 0, 0, 0, 0, 0, 0, 0, 0, 0, 0, 0, 0, 0, 0, 0, 0, 0, 0, 0, 0, 0, 0, 0, 0, 0, 0, 0, 0, 0, 0, 0, 0, 0, 0, 0, 0, 0, 0, 0, 0, 0, 0, 0, 0, 0, 0, 0, 0, 0, 0, 0, 0, 0, 0, 0, 0, 0, 0, 0, 0, 0, 0, 0, 0, 0, 0, 0, 0, 0, 0, 0, 0, 0, 0, 0, 0, 0, 0, 0, 0, 0, 0, 0, 0, 0, 0, 0, 0, 0, 0, 0, 0, 0, -0.740196, -0.77521, -0.792717, -0.810224, -0.792717, -0.77521, -0.757703, -0.757703, -0.757703, -0.740196, -0.757703, -0.810224, -0.827731, -0.810224, -0.792717, -0.827731, -0.792717, -0.670168, -0.582633, -0.442577,  ... ); Estimated precision: 51 bits

Plaintext[4]: (-1.35129, -1.38614, -1.421, -1.43843, -1.43843, -1.421, -1.38614, -1.40357, -1.421, -1.40357, -1.421, -1.45586, -1.45586, -1.43843, -1.43843, -1.47329, -1.45586, -1.35129, -1.28157, -1.12471,  ... ); Estimated precision: 51 bits

Plaintext[5]: (0.279562, 0.245312, 0.211063, 0.193938, 0.211063, 0.211063, 0.193938, 0.228187, 0.262437, 0.296686, 0.296686, 0.262437, 0.262437, 0.228187, 0.228187, 0.228187, 0.262437, 0.313811, 0.348061, 0.450809, 0, 0, 0, 0, 0, 0, 0, 0, 0, 0, 0, 0, 0, 0, 0, 0, 0, 0, 0, 0, 0, 0, 0, 0, 0, 0, 0, 0, 0, 0, 0, 0, 0, 0, 0, 0, 0, 0, 0, 0, 0, 0, 0, 0, 0, 0, 0, 0, 0, 0, 0, 0, 0, 0, 0, 0, 0, 0, 0, 0, 0, 0, 0, 0, 0, 0, 0, 0, 0, 0, 0, 0, 0, 0, 0, 0, 0, 0, 0, 0, 0, 0, 0, 0, 0, 0, 0, 0, 0, 0, 0, 0, 0, 0, 0, 0, 0, 0, 0, 0, 0, 0, 0, 0, 0, 0, 0, 0, 0, 0, 0, 0, 0, 0, 0, 0, 0, 0, 0, 0, 0, 0, 0, 0, 0, 0, 0, 0, 0, 0, 0, 0, 0, 0, 0, 0, 0, 0, 0, 0, 0, 0, 0, 0, 0, 0, 0, 0, 0, 0, 0, 0, 0, 0, 0, 0, 0, 0, 0, 0, 0, 0, 0, 0, 0, 0, 0, 0, 0, 0, 0, 0, 0, 0, 0, 0, 0, 0, 0, 0, 0, 0, 0, 0, 0, 0, 0, 0, 0, 0, 0, 0, 0, 0, 0, 0, 0, 0, 0, 0, 0, 0, 0, 0, -0.845238, -0.880252, -0.897759, -0.897759, -0.862745, -0.845238, -0.862745, -0.845238, -0.827731, -0.827731, -0.827731, -0.845238, -0.862745, -0.862745, -0.845238, -0.845238, -0.792717, -0.740196, -0.670168, -0.547619,  ... ); Estimated precision: 51 bits

Plaintext[5]: (-1.36871, -1.40357, -1.421, -1.45586, -1.45586, -1.47329, -1.47329, -1.45586, -1.43843, -1.43843, -1.45586, -1.49072, -1.45586, -1.47329, -1.45586, -1.45586, -1.421, -1.36871, -1.31643, -1.21185,  ... ); Estimated precision: 51 bits

Plaintext[6]: (0.0740646, 0.039815, 0.039815, 0.039815, 0.0569397, 0.0740646, 0.039815, 0.0911894, 0.142564, 0.159688, 0.159688, 0.142564, 0.142564, 0.125439, 0.0569397, 0.039815, 0.0740646, 0.108314, 0.176813, 0.279562, 0, 0, 0, 0, 0, 0, 0, 0, 0, 0, 0, 0, 0, 0, 0, 0, 0, 0, 0, 0, 0, 0, 0, 0, 0, 0, 0, 0, 0, 0, 0, 0, 0, 0, 0, 0, 0, 0, 0, 0, 0, 0, 0, 0, 0, 0, 0, 0, 0, 0, 0, 0, 0, 0, 0, 0, 0, 0, 0, 0, 0, 0, 0, 0, 0, 0, 0, 0, 0, 0, 0, 0, 0, 0, 0, 0, 0, 0, 0, 0, 0, 0, 0, 0, 0, 0, 0, 0, 0, 0, 0, 0, 0, 0, 0, 0, 0, 0, 0, 0, 0, 0, 0, 0, 0, 0, 0, 0, 0, 0, 0, 0, 0, 0, 0, 0, 0, 0, 0, 0, 0, 0, 0, 0, 0, 0, 0, 0, 0, 0, 0, 0, 0, 0, 0, 0, 0, 0, 0, 0, 0, 0, 0, 0, 0, 0, 0, 0, 0, 0, 0, 0, 0, 0, 0, 0, 0, 0, 0, 0, 0, 0, 0, 0, 0, 0, 0, 0, 0, 0, 0, 0, 0, 0, 0, 0, 0, 0, 0, 0, 0, 0, 0, 0, 0, 0, 0, 0, 0, 0, 0, 0, 0, 0, 0, 0, 0, 0, 0, 0, 0, 0, 0, 0, -0.967787, -0.985294, -0.985294, -0.967787, -0.95028, -0.915266, -0.95028, -0.915266, -0.897759, -0.897759, -0.897759, -0.915266, -0.932773, -0.95028, -0.95028, -0.932773, -0.897759, -0.897759, -0.827731, -0.705182,  ... ); Estimated precision: 51 bits

Plaintext[6]: (-1.43843, -1.45586, -1.45586, -1.45586, -1.47329, -1.45586, -1.47329, -1.45586, -1.43843, -1.421, -1.45586, -1.47329, -1.43843, -1.47329, -1.49072, -1.47329, -1.45586, -1.421, -1.36871, -1.28157,  ... ); Estimated precision: 51 bits

Plaintext[7]: (-0.114308, -0.148557, -0.131433, -0.131433, -0.114308, -0.0800583, -0.0629335, -0.028684, -0.0115593, 0.0226902, 0.039815, 0.0226902, 0.00556549, -0.028684, -0.0800583, -0.131433, -0.131433, -0.0629335, 0.0226902, 0.0911894, 0, 0, 0, 0, 0, 0, 0, 0, 0, 0, 0, 0, 0, 0, 0, 0, 0, 0, 0, 0, 0, 0, 0, 0, 0, 0, 0, 0, 0, 0, 0, 0, 0, 0, 0, 0, 0, 0, 0, 0, 0, 0, 0, 0, 0, 0, 0, 0, 0, 0, 0, 0, 0, 0, 0, 0, 0, 0, 0, 0, 0, 0, 0, 0, 0, 0, 0, 0, 0, 0, 0, 0, 0, 0, 0, 0, 0, 0, 0, 0, 0, 0, 0, 0, 0, 0, 0, 0, 0, 0, 0, 0, 0, 0, 0, 0, 0, 0, 0, 0, 0, 0, 0, 0, 0, 0, 0, 0, 0, 0, 0, 0, 0, 0, 0, 0, 0, 0, 0, 0, 0, 0, 0, 0, 0, 0, 0, 0, 0, 0, 0, 0, 0, 0, 0, 0, 0, 0, 0, 0, 0, 0, 0, 0, 0, 0, 0, 0, 0, 0, 0, 0, 0, 0, 0, 0, 0, 0, 0, 0, 0, 0, 0, 0, 0, 0, 0, 0, 0, 0, 0, 0, 0, 0, 0, 0, 0, 0, 0, 0, 0, 0, 0, 0, 0, 0, 0, 0, 0, 0, 0, 0, 0, 0, 0, 0, 0, 0, 0, 0, 0, 0, 0, 0, -1.05532, -1.09034, -1.09034, -1.07283, -1.05532, -1.03782, -1.02031, -1.02031, -1.02031, -1.0028, -0.985294, -1.0028, -0.985294, -1.03782, -1.03782, -1.02031, -1.02031, -1.0028, -0.967787, -0.880252,  ... ); Estimated precision: 51 bits

Plaintext[7]: (-1.50815, -1.50815, -1.49072, -1.49072, -1.47329, -1.45586, -1.47329, -1.45586, -1.45586, -1.45586, -1.47329, -1.49072, -1.47329, -1.47329, -1.49072, -1.47329, -1.47329, -1.43843, -1.40357, -1.38614,  ... ); Estimated precision: 51 bits

Plaintext[8]: (-0.268431, -0.30268, -0.30268, -0.285555, -0.268431, -0.251306, -0.234181, -0.217056, -0.182807, -0.114308, -0.097183, -0.0800583, -0.114308, -0.148557, -0.165682, -0.217056, -0.199932, -0.131433, -0.0458088, 0.0226902, 0, 0, 0, 0, 0, 0, 0, 0, 0, 0, 0, 0, 0, 0, 0, 0, 0, 0, 0, 0, 0, 0, 0, 0, 0, 0, 0, 0, 0, 0, 0, 0, 0, 0, 0, 0, 0, 0, 0, 0, 0, 0, 0, 0, 0, 0, 0, 0, 0, 0, 0, 0, 0, 0, 0, 0, 0, 0, 0, 0, 0, 0, 0, 0, 0, 0, 0, 0, 0, 0, 0, 0, 0, 0, 0, 0, 0, 0, 0, 0, 0, 0, 0, 0, 0, 0, 0, 0, 0, 0, 0, 0, 0, 0, 0, 0, 0, 0, 0, 0, 0, 0, 0, 0, 0, 0, 0, 0, 0, 0, 0, 0, 0, 0, 0, 0, 0, 0, 0, 0, 0, 0, 0, 0, 0, 0, 0, 0, 0, 0, 0, 0, 0, 0, 0, 0, 0, 0, 0, 0, 0, 0, 0, 0, 0, 0, 0, 0, 0, 0, 0, 0, 0, 0, 0, 0, 0, 0, 0, 0, 0, 0, 0, 0, 0, 0, 0, 0, 0, 0, 0, 0, 0, 0, 0, 0, 0, 0, 0, 0, 0, 0, 0, 0, 0, 0, 0, 0, 0, 0, 0, 0, 0, 0, 0, 0, 0, 0, 0, 0, 0, 0, 0, 0, -1.16036, -1.19538, -1.19538, -1.17787, -1.17787, -1.17787, -1.16036, -1.17787, -1.16036, -1.12535, -1.09034, -1.07283, -1.07283, -1.09034, -1.07283, -1.07283, -1.05532, -1.02031, -0.985294, -0.915266,  ... ); Estimated precision: 51 bits

Plaintext[8]: (-1.56044, -1.56044, -1.54301, -1.52558, -1.50815, -1.50815, -1.52558, -1.52558, -1.50815, -1.49072, -1.49072, -1.49072, -1.49072, -1.49072, -1.49072, -1.49072, -1.47329, -1.421, -1.40357, -1.36871,  ... ); Estimated precision: 51 bits

Plaintext[9]: (-0.371179, -0.388304, -0.354054, -0.33693, -0.33693, -0.33693, -0.371179, -0.371179, -0.319805, -0.268431, -0.251306, -0.234181, -0.234181, -0.251306, -0.285555, -0.30268, -0.268431, -0.234181, -0.131433, -0.0458088, 0, 0, 0, 0, 0, 0, 0, 0, 0, 0, 0, 0, 0, 0, 0, 0, 0, 0, 0, 0, 0, 0, 0, 0, 0, 0, 0, 0, 0, 0, 0, 0, 0, 0, 0, 0, 0, 0, 0, 0, 0, 0, 0, 0, 0, 0, 0, 0, 0, 0, 0, 0, 0, 0, 0, 0, 0, 0, 0, 0, 0, 0, 0, 0, 0, 0, 0, 0, 0, 0, 0, 0, 0, 0, 0, 0, 0, 0, 0, 0, 0, 0, 0, 0, 0, 0, 0, 0, 0, 0, 0, 0, 0, 0, 0, 0, 0, 0, 0, 0, 0, 0, 0, 0, 0, 0, 0, 0, 0, 0, 0, 0, 0, 0, 0, 0, 0, 0, 0, 0, 0, 0, 0, 0, 0, 0, 0, 0, 0, 0, 0, 0, 0, 0, 0, 0, 0, 0, 0, 0, 0, 0, 0, 0, 0, 0, 0, 0, 0, 0, 0, 0, 0, 0, 0, 0, 0, 0, 0, 0, 0, 0, 0, 0, 0, 0, 0, 0, 0, 0, 0, 0, 0, 0, 0, 0, 0, 0, 0, 0, 0, 0, 0, 0, 0, 0, 0, 0, 0, 0, 0, 0, 0, 0, 0, 0, 0, 0, 0, 0, 0, 0, 0, 0, -1.21289, -1.23039, -1.19538, -1.19538, -1.21289, -1.23039, -1.23039, -1.2479, -1.23039, -1.19538, -1.17787, -1.17787, -1.17787, -1.14286, -1.17787, -1.17787, -1.14286, -1.10784, -1.0028, -0.932773,  ... ); Estimated precision: 51 bits

Plaintext[9]: (-1.54301, -1.54301, -1.50815, -1.49072, -1.50815, -1.52558, -1.52558, -1.54301, -1.54301, -1.50815, -1.52558, -1.50815, -1.50815, -1.49072, -1.50815, -1.50815, -1.47329, -1.43843, -1.421, -1.36871,  ... ); Estimated precision: 51 bits

Plaintext[10]: (-0.405429, -0.405429, -0.371179, -0.371179, -0.371179, -0.388304, -0.388304, -0.371179, -0.371179, -0.33693, -0.319805, -0.319805, -0.285555, -0.285555, -0.33693, -0.371179, -0.33693, -0.30268, -0.199932, -0.131433, 0, 0, 0, 0, 0, 0, 0, 0, 0, 0, 0, 0, 0, 0, 0, 0, 0, 0, 0, 0, 0, 0, 0, 0, 0, 0, 0, 0, 0, 0, 0, 0, 0, 0, 0, 0, 0, 0, 0, 0, 0, 0, 0, 0, 0, 0, 0, 0, 0, 0, 0, 0, 0, 0, 0, 0, 0, 0, 0, 0, 0, 0, 0, 0, 0, 0, 0, 0, 0, 0, 0, 0, 0, 0, 0, 0, 0, 0, 0, 0, 0, 0, 0, 0, 0, 0, 0, 0, 0, 0, 0, 0, 0, 0, 0, 0, 0, 0, 0, 0, 0, 0, 0, 0, 0, 0, 0, 0, 0, 0, 0, 0, 0, 0, 0, 0, 0, 0, 0, 0, 0, 0, 0, 0, 0, 0, 0, 0, 0, 0, 0, 0, 0, 0, 0, 0, 0, 0, 0, 0, 0, 0, 0, 0, 0, 0, 0, 0, 0, 0, 0, 0, 0, 0, 0, 0, 0, 0, 0, 0, 0, 0, 0, 0, 0, 0, 0, 0, 0, 0, 0, 0, 0, 0, 0, 0, 0, 0, 0, 0, 0, 0, 0, 0, 0, 0, 0, 0, 0, 0, 0, 0, 0, 0, 0, 0, 0, 0, 0, 0, 0, 0, 0, 0, -1.2479, -1.23039, -1.19538, -1.19538, -1.23039, -1.23039, -1.19538, -1.21289, -1.21289, -1.19538, -1.16036, -1.17787, -1.21289, -1.17787, -1.21289, -1.21289, -1.19538, -1.16036, -1.10784, -1.03782,  ... ); Estimated precision: 51 bits

Plaintext[10]: (-1.56044, -1.54301, -1.52558, -1.52558, -1.54301, -1.54301, -1.50815, -1.50815, -1.50815, -1.49072, -1.47329, -1.47329, -1.45586, -1.43843, -1.47329, -1.49072, -1.49072, -1.45586, -1.45586, -1.421,  ... ); Estimated precision: 51 bits

Plaintext[11]: (-0.319805, -0.285555, -0.285555, -0.285555, -0.285555, -0.30268, -0.30268, -0.285555, -0.30268, -0.285555, -0.268431, -0.30268, -0.285555, -0.30268, -0.33693, -0.354054, -0.319805, -0.285555, -0.217056, -0.131433, 0, 0, 0, 0, 0, 0, 0, 0, 0, 0, 0, 0, 0, 0, 0, 0, 0, 0, 0, 0, 0, 0, 0, 0, 0, 0, 0, 0, 0, 0, 0, 0, 0, 0, 0, 0, 0, 0, 0, 0, 0, 0, 0, 0, 0, 0, 0, 0, 0, 0, 0, 0, 0, 0, 0, 0, 0, 0, 0, 0, 0, 0, 0, 0, 0, 0, 0, 0, 0, 0, 0, 0, 0, 0, 0, 0, 0, 0, 0, 0, 0, 0, 0, 0, 0, 0, 0, 0, 0, 0, 0, 0, 0, 0, 0, 0, 0, 0, 0, 0, 0, 0, 0, 0, 0, 0, 0, 0, 0, 0, 0, 0, 0, 0, 0, 0, 0, 0, 0, 0, 0, 0, 0, 0, 0, 0, 0, 0, 0, 0, 0, 0, 0, 0, 0, 0, 0, 0, 0, 0, 0, 0, 0, 0, 0, 0, 0, 0, 0, 0, 0, 0, 0, 0, 0, 0, 0, 0, 0, 0, 0, 0, 0, 0, 0, 0, 0, 0, 0, 0, 0, 0, 0, 0, 0, 0, 0, 0, 0, 0, 0, 0, 0, 0, 0, 0, 0, 0, 0, 0, 0, 0, 0, 0, 0, 0, 0, 0, 0, 0, 0, 0, 0, 0, -1.19538, -1.16036, -1.14286, -1.14286, -1.16036, -1.16036, -1.16036, -1.14286, -1.16036, -1.14286, -1.14286, -1.16036, -1.14286, -1.12535, -1.14286, -1.16036, -1.14286, -1.12535, -1.10784, -1.05532,  ... ); Estimated precision: 51 bits

Plaintext[11]: (-1.50815, -1.49072, -1.49072, -1.49072, -1.49072, -1.49072, -1.47329, -1.47329, -1.47329, -1.45586, -1.43843, -1.45586, -1.47329, -1.45586, -1.49072, -1.50815, -1.49072, -1.50815, -1.45586, -1.40357,  ... ); Estimated precision: 51 bits

Plaintext[12]: (-0.131433, -0.0800583, -0.0629335, -0.0629335, -0.0629335, -0.0629335, -0.0800583, -0.0629335, -0.0629335, -0.0629335, -0.0800583, -0.097183, -0.148557, -0.165682, -0.199932, -0.199932, -0.199932, -0.182807, -0.097183, -0.0458088, 0, 0, 0, 0, 0, 0, 0, 0, 0, 0, 0, 0, 0, 0, 0, 0, 0, 0, 0, 0, 0, 0, 0, 0, 0, 0, 0, 0, 0, 0, 0, 0, 0, 0, 0, 0, 0, 0, 0, 0, 0, 0, 0, 0, 0, 0, 0, 0, 0, 0, 0, 0, 0, 0, 0, 0, 0, 0, 0, 0, 0, 0, 0, 0, 0, 0, 0, 0, 0, 0, 0, 0, 0, 0, 0, 0, 0, 0, 0, 0, 0, 0, 0, 0, 0, 0, 0, 0, 0, 0, 0, 0, 0, 0, 0, 0, 0, 0, 0, 0, 0, 0, 0, 0, 0, 0, 0, 0, 0, 0, 0, 0, 0, 0, 0, 0, 0, 0, 0, 0, 0, 0, 0, 0, 0, 0, 0, 0, 0, 0, 0, 0, 0, 0, 0, 0, 0, 0, 0, 0, 0, 0, 0, 0, 0, 0, 0, 0, 0, 0, 0, 0, 0, 0, 0, 0, 0, 0, 0, 0, 0, 0, 0, 0, 0, 0, 0, 0, 0, 0, 0, 0, 0, 0, 0, 0, 0, 0, 0, 0, 0, 0, 0, 0, 0, 0, 0, 0, 0, 0, 0, 0, 0, 0, 0, 0, 0, 0, 0, 0, 0, 0, 0, 0, -1.09034, -1.02031, -1.0028, -0.985294, -0.985294, -0.985294, -1.0028, -1.0028, -1.0028, -1.0028, -1.02031, -1.03782, -1.02031, -1.02031, -1.03782, -1.05532, -1.05532, -1.07283, -1.03782, -1.0028,  ... ); Estimated precision: 51 bits

Plaintext[12]: (-1.45586, -1.421, -1.421, -1.40357, -1.38614, -1.38614, -1.38614, -1.38614, -1.38614, -1.38614, -1.38614, -1.36871, -1.36871, -1.36871, -1.38614, -1.421, -1.43843, -1.43843, -1.40357, -1.38614,  ... ); Estimated precision: 51 bits

Plaintext[13]: (0.0226902, 0.0740646, 0.125439, 0.159688, 0.159688, 0.142564, 0.142564, 0.142564, 0.176813, 0.193938, 0.193938, 0.176813, 0.176813, 0.142564, 0.125439, 0.108314, 0.0911894, 0.0911894, 0.159688, 0.176813, 0, 0, 0, 0, 0, 0, 0, 0, 0, 0, 0, 0, 0, 0, 0, 0, 0, 0, 0, 0, 0, 0, 0, 0, 0, 0, 0, 0, 0, 0, 0, 0, 0, 0, 0, 0, 0, 0, 0, 0, 0, 0, 0, 0, 0, 0, 0, 0, 0, 0, 0, 0, 0, 0, 0, 0, 0, 0, 0, 0, 0, 0, 0, 0, 0, 0, 0, 0, 0, 0, 0, 0, 0, 0, 0, 0, 0, 0, 0, 0, 0, 0, 0, 0, 0, 0, 0, 0, 0, 0, 0, 0, 0, 0, 0, 0, 0, 0, 0, 0, 0, 0, 0, 0, 0, 0, 0, 0, 0, 0, 0, 0, 0, 0, 0, 0, 0, 0, 0, 0, 0, 0, 0, 0, 0, 0, 0, 0, 0, 0, 0, 0, 0, 0, 0, 0, 0, 0, 0, 0, 0, 0, 0, 0, 0, 0, 0, 0, 0, 0, 0, 0, 0, 0, 0, 0, 0, 0, 0, 0, 0, 0, 0, 0, 0, 0, 0, 0, 0, 0, 0, 0, 0, 0, 0, 0, 0, 0, 0, 0, 0, 0, 0, 0, 0, 0, 0, 0, 0, 0, 0, 0, 0, 0, 0, 0, 0, 0, 0, 0, 0, 0, 0, 0, -0.95028, -0.880252, -0.845238, -0.827731, -0.810224, -0.827731, -0.845238, -0.845238, -0.810224, -0.810224, -0.810224, -0.827731, -0.810224, -0.810224, -0.827731, -0.845238, -0.862745, -0.880252, -0.845238, -0.827731,  ... ); Estimated precision: 51 bits

Plaintext[13]: (-1.421, -1.38614, -1.36871, -1.33386, -1.33386, -1.299, -1.31643, -1.33386, -1.31643, -1.299, -1.28157, -1.26414, -1.26414, -1.24671, -1.24671, -1.26414, -1.299, -1.31643, -1.33386, -1.33386,  ... ); Estimated precision: 51 bits

Plaintext[14]: (0.142564, 0.211063, 0.279562, 0.330936, 0.330936, 0.296686, 0.279562, 0.279562, 0.330936, 0.365185, 0.365185, 0.38231, 0.399435, 0.399435, 0.399435, 0.41656, 0.433684, 0.450809, 0.485059, 0.502183, 0, 0, 0, 0, 0, 0, 0, 0, 0, 0, 0, 0, 0, 0, 0, 0, 0, 0, 0, 0, 0, 0, 0, 0, 0, 0, 0, 0, 0, 0, 0, 0, 0, 0, 0, 0, 0, 0, 0, 0, 0, 0, 0, 0, 0, 0, 0, 0, 0, 0, 0, 0, 0, 0, 0, 0, 0, 0, 0, 0, 0, 0, 0, 0, 0, 0, 0, 0, 0, 0, 0, 0, 0, 0, 0, 0, 0, 0, 0, 0, 0, 0, 0, 0, 0, 0, 0, 0, 0, 0, 0, 0, 0, 0, 0, 0, 0, 0, 0, 0, 0, 0, 0, 0, 0, 0, 0, 0, 0, 0, 0, 0, 0, 0, 0, 0, 0, 0, 0, 0, 0, 0, 0, 0, 0, 0, 0, 0, 0, 0, 0, 0, 0, 0, 0, 0, 0, 0, 0, 0, 0, 0, 0, 0, 0, 0, 0, 0, 0, 0, 0, 0, 0, 0, 0, 0, 0, 0, 0, 0, 0, 0, 0, 0, 0, 0, 0, 0, 0, 0, 0, 0, 0, 0, 0, 0, 0, 0, 0, 0, 0, 0, 0, 0, 0, 0, 0, 0, 0, 0, 0, 0, 0, 0, 0, 0, 0, 0, 0, 0, 0, 0, 0, 0, -0.827731, -0.792717, -0.740196, -0.687675, -0.687675, -0.722689, -0.740196, -0.757703, -0.705182, -0.670168, -0.670168, -0.652661, -0.635154, -0.635154, -0.60014, -0.582633, -0.60014, -0.60014, -0.565126, -0.565126,  ... ); Estimated precision: 51 bits

Plaintext[14]: (-1.35129, -1.31643, -1.299, -1.26414, -1.24671, -1.28157, -1.28157, -1.28157, -1.26414, -1.21185, -1.19442, -1.17699, -1.17699, -1.17699, -1.14213, -1.14213, -1.15956, -1.17699, -1.15956, -1.15956,  ... ); Estimated precision: 51 bits

Plaintext[15]: (0.279562, 0.348061, 0.467934, 0.502183, 0.502183, 0.485059, 0.433684, 0.41656, 0.433684, 0.433684, 0.467934, 0.485059, 0.502183, 0.536433, 0.570682, 0.604932, 0.587807, 0.622057, 0.673431, 0.673431, 0, 0, 0, 0, 0, 0, 0, 0, 0, 0, 0, 0, 0, 0, 0, 0, 0, 0, 0, 0, 0, 0, 0, 0, 0, 0, 0, 0, 0, 0, 0, 0, 0, 0, 0, 0, 0, 0, 0, 0, 0, 0, 0, 0, 0, 0, 0, 0, 0, 0, 0, 0, 0, 0, 0, 0, 0, 0, 0, 0, 0, 0, 0, 0, 0, 0, 0, 0, 0, 0, 0, 0, 0, 0, 0, 0, 0, 0, 0, 0, 0, 0, 0, 0, 0, 0, 0, 0, 0, 0, 0, 0, 0, 0, 0, 0, 0, 0, 0, 0, 0, 0, 0, 0, 0, 0, 0, 0, 0, 0, 0, 0, 0, 0, 0, 0, 0, 0, 0, 0, 0, 0, 0, 0, 0, 0, 0, 0, 0, 0, 0, 0, 0, 0, 0, 0, 0, 0, 0, 0, 0, 0, 0, 0, 0, 0, 0, 0, 0, 0, 0, 0, 0, 0, 0, 0, 0, 0, 0, 0, 0, 0, 0, 0, 0, 0, 0, 0, 0, 0, 0, 0, 0, 0, 0, 0, 0, 0, 0, 0, 0, 0, 0, 0, 0, 0, 0, 0, 0, 0, 0, 0, 0, 0, 0, 0, 0, 0, 0, 0, 0, 0, 0, 0, -0.722689, -0.687675, -0.617647, -0.565126, -0.565126, -0.60014, -0.617647, -0.635154, -0.617647, -0.60014, -0.582633, -0.565126, -0.530112, -0.512605, -0.477591, -0.442577, -0.460084, -0.442577, -0.407563, -0.407563,  ... ); Estimated precision: 51 bits

Plaintext[15]: (-1.26414, -1.22928, -1.22928, -1.19442, -1.19442, -1.21185, -1.22928, -1.22928, -1.21185, -1.15956, -1.14213, -1.10728, -1.05499, -1.05499, -1.02013, -1.03756, -1.05499, -1.07242, -1.05499, -1.05499,  ... ); Estimated precision: 51 bits

Plaintext[16]: (0.41656, 0.502183, 0.622057, 0.656306, 0.673431, 0.656306, 0.604932, 0.604932, 0.604932, 0.587807, 0.622057, 0.639181, 0.690556, 0.724805, 0.74193, 0.759055, 0.74193, 0.74193, 0.759055, 0.776179, 0, 0, 0, 0, 0, 0, 0, 0, 0, 0, 0, 0, 0, 0, 0, 0, 0, 0, 0, 0, 0, 0, 0, 0, 0, 0, 0, 0, 0, 0, 0, 0, 0, 0, 0, 0, 0, 0, 0, 0, 0, 0, 0, 0, 0, 0, 0, 0, 0, 0, 0, 0, 0, 0, 0, 0, 0, 0, 0, 0, 0, 0, 0, 0, 0, 0, 0, 0, 0, 0, 0, 0, 0, 0, 0, 0, 0, 0, 0, 0, 0, 0, 0, 0, 0, 0, 0, 0, 0, 0, 0, 0, 0, 0, 0, 0, 0, 0, 0, 0, 0, 0, 0, 0, 0, 0, 0, 0, 0, 0, 0, 0, 0, 0, 0, 0, 0, 0, 0, 0, 0, 0, 0, 0, 0, 0, 0, 0, 0, 0, 0, 0, 0, 0, 0, 0, 0, 0, 0, 0, 0, 0, 0, 0, 0, 0, 0, 0, 0, 0, 0, 0, 0, 0, 0, 0, 0, 0, 0, 0, 0, 0, 0, 0, 0, 0, 0, 0, 0, 0, 0, 0, 0, 0, 0, 0, 0, 0, 0, 0, 0, 0, 0, 0, 0, 0, 0, 0, 0, 0, 0, 0, 0, 0, 0, 0, 0, 0, 0, 0, 0, 0, 0, 0, -0.635154, -0.565126, -0.477591, -0.442577, -0.42507, -0.42507, -0.460084, -0.460084, -0.460084, -0.442577, -0.407563, -0.407563, -0.407563, -0.355042, -0.337535, -0.320028, -0.302521, -0.302521, -0.285014, -0.285014,  ... ); Estimated precision: 51 bits

Plaintext[16]: (-1.24671, -1.21185, -1.15956, -1.14213, -1.14213, -1.12471, -1.14213, -1.14213, -1.14213, -1.10728, -1.07242, -1.02013, -0.967843, -0.932985, -0.915556, -0.915556, -0.915556, -0.932985, -0.950414, -0.950414,  ... ); Estimated precision: 51 bits

Plaintext[17]: (0.467934, 0.570682, 0.673431, 0.724805, 0.74193, 0.724805, 0.70768, 0.70768, 0.70768, 0.70768, 0.70768, 0.724805, 0.793304, 0.844679, 0.861803, 0.878928, 0.878928, 0.878928, 0.878928, 0.896053, 0, 0, 0, 0, 0, 0, 0, 0, 0, 0, 0, 0, 0, 0, 0, 0, 0, 0, 0, 0, 0, 0, 0, 0, 0, 0, 0, 0, 0, 0, 0, 0, 0, 0, 0, 0, 0, 0, 0, 0, 0, 0, 0, 0, 0, 0, 0, 0, 0, 0, 0, 0, 0, 0, 0, 0, 0, 0, 0, 0, 0, 0, 0, 0, 0, 0, 0, 0, 0, 0, 0, 0, 0, 0, 0, 0, 0, 0, 0, 0, 0, 0, 0, 0, 0, 0, 0, 0, 0, 0, 0, 0, 0, 0, 0, 0, 0, 0, 0, 0, 0, 0, 0, 0, 0, 0, 0, 0, 0, 0, 0, 0, 0, 0, 0, 0, 0, 0, 0, 0, 0, 0, 0, 0, 0, 0, 0, 0, 0, 0, 0, 0, 0, 0, 0, 0, 0, 0, 0, 0, 0, 0, 0, 0, 0, 0, 0, 0, 0, 0, 0, 0, 0, 0, 0, 0, 0, 0, 0, 0, 0, 0, 0, 0, 0, 0, 0, 0, 0, 0, 0, 0, 0, 0, 0, 0, 0, 0, 0, 0, 0, 0, 0, 0, 0, 0, 0, 0, 0, 0, 0, 0, 0, 0, 0, 0, 0, 0, 0, 0, 0, 0, 0, 0, -0.565126, -0.477591, -0.407563, -0.355042, -0.355042, -0.337535, -0.355042, -0.372549, -0.372549, -0.355042, -0.320028, -0.302521, -0.267507, -0.214986, -0.179972, -0.144958, -0.127451, -0.127451, -0.127451, -0.127451,  ... ); Estimated precision: 51 bits

Plaintext[17]: (-1.24671, -1.17699, -1.12471, -1.10728, -1.10728, -1.08985, -1.12471, -1.12471, -1.10728, -1.07242, -1.02013, -0.985272, -0.915556, -0.863268, -0.81098, -0.793551, -0.776122, -0.776122, -0.81098, -0.81098,  ... ); Estimated precision: 51 bits

Plaintext[18]: (0.536433, 0.656306, 0.724805, 0.776179, 0.793304, 0.776179, 0.74193, 0.724805, 0.70768, 0.724805, 0.74193, 0.759055, 0.844679, 0.878928, 0.913177, 0.947427, 0.947427, 0.981677, 0.981677, 1.01593, 0, 0, 0, 0, 0, 0, 0, 0, 0, 0, 0, 0, 0, 0, 0, 0, 0, 0, 0, 0, 0, 0, 0, 0, 0, 0, 0, 0, 0, 0, 0, 0, 0, 0, 0, 0, 0, 0, 0, 0, 0, 0, 0, 0, 0, 0, 0, 0, 0, 0, 0, 0, 0, 0, 0, 0, 0, 0, 0, 0, 0, 0, 0, 0, 0, 0, 0, 0, 0, 0, 0, 0, 0, 0, 0, 0, 0, 0, 0, 0, 0, 0, 0, 0, 0, 0, 0, 0, 0, 0, 0, 0, 0, 0, 0, 0, 0, 0, 0, 0, 0, 0, 0, 0, 0, 0, 0, 0, 0, 0, 0, 0, 0, 0, 0, 0, 0, 0, 0, 0, 0, 0, 0, 0, 0, 0, 0, 0, 0, 0, 0, 0, 0, 0, 0, 0, 0, 0, 0, 0, 0, 0, 0, 0, 0, 0, 0, 0, 0, 0, 0, 0, 0, 0, 0, 0, 0, 0, 0, 0, 0, 0, 0, 0, 0, 0, 0, 0, 0, 0, 0, 0, 0, 0, 0, 0, 0, 0, 0, 0, 0, 0, 0, 0, 0, 0, 0, 0, 0, 0, 0, 0, 0, 0, 0, 0, 0, 0, 0, 0, 0, 0, 0, 0, -0.495098, -0.372549, -0.320028, -0.285014, -0.267507, -0.285014, -0.337535, -0.372549, -0.372549, -0.337535, -0.302521, -0.25, -0.162465, -0.109944, -0.057423, -0.022409, 0.0126051, 0.0476191, 0.0476191, 0.0301121,  ... ); Estimated precision: 51 bits

Plaintext[18]: (-1.17699, -1.07242, -1.05499, -1.03756, -1.03756, -1.05499, -1.08985, -1.12471, -1.14213, -1.08985, -1.02013, -0.967843, -0.863268, -0.81098, -0.758693, -0.706405, -0.688976, -0.654118, -0.654118, -0.654118,  ... ); Estimated precision: 51 bits

Plaintext[19]: (0.639181, 0.74193, 0.810429, 0.844679, 0.844679, 0.810429, 0.776179, 0.74193, 0.724805, 0.70768, 0.70768, 0.776179, 0.827554, 0.878928, 0.930302, 0.964552, 0.998801, 1.03305, 1.05018, 1.0673, 0, 0, 0, 0, 0, 0, 0, 0, 0, 0, 0, 0, 0, 0, 0, 0, 0, 0, 0, 0, 0, 0, 0, 0, 0, 0, 0, 0, 0, 0, 0, 0, 0, 0, 0, 0, 0, 0, 0, 0, 0, 0, 0, 0, 0, 0, 0, 0, 0, 0, 0, 0, 0, 0, 0, 0, 0, 0, 0, 0, 0, 0, 0, 0, 0, 0, 0, 0, 0, 0, 0, 0, 0, 0, 0, 0, 0, 0, 0, 0, 0, 0, 0, 0, 0, 0, 0, 0, 0, 0, 0, 0, 0, 0, 0, 0, 0, 0, 0, 0, 0, 0, 0, 0, 0, 0, 0, 0, 0, 0, 0, 0, 0, 0, 0, 0, 0, 0, 0, 0, 0, 0, 0, 0, 0, 0, 0, 0, 0, 0, 0, 0, 0, 0, 0, 0, 0, 0, 0, 0, 0, 0, 0, 0, 0, 0, 0, 0, 0, 0, 0, 0, 0, 0, 0, 0, 0, 0, 0, 0, 0, 0, 0, 0, 0, 0, 0, 0, 0, 0, 0, 0, 0, 0, 0, 0, 0, 0, 0, 0, 0, 0, 0, 0, 0, 0, 0, 0, 0, 0, 0, 0, 0, 0, 0, 0, 0, 0, 0, 0, 0, 0, 0, 0, -0.42507, -0.302521, -0.25, -0.214986, -0.214986, -0.25, -0.302521, -0.337535, -0.355042, -0.337535, -0.285014, -0.214986, -0.162465, -0.07493, -0.022409, 0.0301121, 0.0826331, 0.117647, 0.135154, 0.135154,  ... ); Estimated precision: 51 bits

Plaintext[19]: (-1.10728, -1.0027, -0.985272, -0.985272, -0.985272, -1.03756, -1.07242, -1.12471, -1.14213, -1.10728, -1.05499, -0.950414, -0.880697, -0.793551, -0.723834, -0.671547, -0.636688, -0.60183, -0.584401, -0.584401,  ... ); Estimated precision: 51 bits

conv_bn1 forward
check point added cts
after conv_bn1 forward
ENCRYPTED_HEIGHT_START: 0
ENCRYPTED_HEIGHT_END: 11
ENCRYPTED_WIDTH_START: 0
ENCRYPTED_WIDTH_END: 11
relu1 forward
finish unencrypted relu_ss
finished relu1 forward
conv_bn2 forward
check point added cts
after conv_bn2 forward
ENCRYPTED_HEIGHT_START: 0
ENCRYPTED_HEIGHT_END: 6
ENCRYPTED_WIDTH_START: 0
ENCRYPTED_WIDTH_END: 6
relu2 forward
finish unencrypted relu_ss
finished relu2 forward
conv_bn3 forward
check point added cts
after conv_bn3 forward
ENCRYPTED_HEIGHT_START: 0
ENCRYPTED_HEIGHT_END: 7
ENCRYPTED_WIDTH_START: 0
ENCRYPTED_WIDTH_END: 7
relu3 forward
finish unencrypted relu_ss
finished relu3 forward
conv_bn4 forward
check point added cts
after conv_bn4 forward
ENCRYPTED_HEIGHT_START: 0
ENCRYPTED_HEIGHT_END: 8
ENCRYPTED_WIDTH_START: 0
ENCRYPTED_WIDTH_END: 8
relu4 forward
finish unencrypted relu_ss
finished relu4 forward
conv_bn5 forward
check point added cts
after conv_bn5 forward
ENCRYPTED_HEIGHT_START: 0
ENCRYPTED_HEIGHT_END: 9
ENCRYPTED_WIDTH_START: 0
ENCRYPTED_WIDTH_END: 9
relu5 forward
finish unencrypted relu_ss
finished relu5 forward
conv_bn6 forward
check point added cts
after conv_bn6 forward
ENCRYPTED_HEIGHT_START: 0
ENCRYPTED_HEIGHT_END: 10
ENCRYPTED_WIDTH_START: 0
ENCRYPTED_WIDTH_END: 10
relu6 forward
finish unencrypted relu_ss
finished relu6 forward
predicted result: -1
prediction time: 283,821ms
