depth: 46
CKKS scheme is using ring dimension 1024

FHEW scheme is using lattice parameter 32, logQ 25, and modulus q 4096

create the model:
Shape of input_3d: 3x224x224
ResNet-18 model is being loaded...
Loaded Conv2d weights from ../python_model/saved_models/ResNet-18/parameters/conv1_weight.npy
Weight size: 64x3x7x7
Loaded Bias from ../python_model/saved_models/ResNet-18/parameters/bn1_weight.npy
Loaded Bias from ../python_model/saved_models/ResNet-18/parameters/bn1_bias.npy
Loaded Bias from ../python_model/saved_models/ResNet-18/parameters/bn1_running_mean.npy
Loaded Bias from ../python_model/saved_models/ResNet-18/parameters/bn1_running_var.npy
Loaded Conv2d weights from ../python_model/saved_models/ResNet-18/parameters/maxpool_0_weight.npy
Weight size: 64x64x3x3
Loaded Bias from ../python_model/saved_models/ResNet-18/parameters/maxpool_1_weight.npy
Loaded Bias from ../python_model/saved_models/ResNet-18/parameters/maxpool_1_bias.npy
Loaded Bias from ../python_model/saved_models/ResNet-18/parameters/maxpool_1_running_mean.npy
Loaded Bias from ../python_model/saved_models/ResNet-18/parameters/maxpool_1_running_var.npy
Loaded Conv2d weights from ../python_model/saved_models/ResNet-18/parameters/layer1_0_conv1_weight.npy
Weight size: 64x64x3x3
Loaded Bias from ../python_model/saved_models/ResNet-18/parameters/layer1_0_bn1_weight.npy
Loaded Bias from ../python_model/saved_models/ResNet-18/parameters/layer1_0_bn1_bias.npy
Loaded Bias from ../python_model/saved_models/ResNet-18/parameters/layer1_0_bn1_running_mean.npy
Loaded Bias from ../python_model/saved_models/ResNet-18/parameters/layer1_0_bn1_running_var.npy
Loaded Conv2d weights from ../python_model/saved_models/ResNet-18/parameters/layer1_1_conv2_weight.npy
Weight size: 64x64x3x3
Loaded Bias from ../python_model/saved_models/ResNet-18/parameters/layer1_1_bn2_weight.npy
Loaded Bias from ../python_model/saved_models/ResNet-18/parameters/layer1_1_bn2_bias.npy
Loaded Bias from ../python_model/saved_models/ResNet-18/parameters/layer1_1_bn2_running_mean.npy
Loaded Bias from ../python_model/saved_models/ResNet-18/parameters/layer1_1_bn2_running_var.npy
Plaintext[0]: (0.604932, 0.502183, 0.433684, 0.38231, 0.330936, 0.313811, 0.279562, 0.245312, 0.228187, 0.193938, 0.159688, 0.039815, 0.0226902, 0.0226902, 0.0911894, 0, 0, 0, 0, 0, 0, 0, 0, 0, 0, 0, 0, 0, 0, 0, 0, 0, 0, 0, 0, 0, 0, 0, 0, 0, 0, 0, 0, 0, 0, 0, 0, 0, 0, 0, 0, 0, 0, 0, 0, 0, 0, 0, 0, 0, 0, 0, 0, 0, 0, 0, 0, 0, 0, 0, 0, 0, 0, 0, 0, 0, 0, 0, 0, 0, 0, 0, 0, 0, 0, 0, 0, 0, 0, 0, 0, 0, 0, 0, 0, 0, 0, 0, 0, 0, 0, 0, 0, 0, 0, 0, 0, 0, 0, 0, 0, 0, 0, 0, 0, 0, 0, 0, 0, 0, 0, 0, 0, 0, 0, 0, 0, 0, 0, 0, 0, 0, 0, 0, 0, 0, 0, 0, 0, 0, 0, 0, 0, 0, 0, 0, 0, 0, 0, 0, 0, 0, 0, 0, 0, 0, 0, 0, 0, 0, 0, 0, 0, 0, 0, 0, 0, 0, 0, 0, 0, 0, 0, 0, 0, 0, 0, 0, 0, 0, 0, 0, 0, 0, 0, 0, 0, 0, 0, 0, 0, 0, 0, 0, 0, 0, 0, 0, 0, 0, 0, 0, 0, 0, 0, 0, 0, 0, 0, 0, 0, 0, 0, 0, 0, 0, 0, 0, 0, 0, 0, 0, 0, 0, -0.565126, -0.617647, -0.670168, -0.740196, -0.77521, -0.810224, -0.810224, -0.810224, -0.880252, -0.915266, -0.932773, -0.967787, -1.03782, -1.02031, -0.985294,  ... ); Estimated precision: 51 bits

Plaintext[0]: (-1.22928, -1.299, -1.33386, -1.40357, -1.43843, -1.43843, -1.40357, -1.43843, -1.49072, -1.47329, -1.45586, -1.50815, -1.54301, -1.54301, -1.49072,  ... ); Estimated precision: 51 bits

Plaintext[1]: (0.604932, 0.502183, 0.450809, 0.399435, 0.365185, 0.313811, 0.296686, 0.262437, 0.279562, 0.245312, 0.193938, 0.125439, 0.0740646, 0.0740646, 0.108314, 0, 0, 0, 0, 0, 0, 0, 0, 0, 0, 0, 0, 0, 0, 0, 0, 0, 0, 0, 0, 0, 0, 0, 0, 0, 0, 0, 0, 0, 0, 0, 0, 0, 0, 0, 0, 0, 0, 0, 0, 0, 0, 0, 0, 0, 0, 0, 0, 0, 0, 0, 0, 0, 0, 0, 0, 0, 0, 0, 0, 0, 0, 0, 0, 0, 0, 0, 0, 0, 0, 0, 0, 0, 0, 0, 0, 0, 0, 0, 0, 0, 0, 0, 0, 0, 0, 0, 0, 0, 0, 0, 0, 0, 0, 0, 0, 0, 0, 0, 0, 0, 0, 0, 0, 0, 0, 0, 0, 0, 0, 0, 0, 0, 0, 0, 0, 0, 0, 0, 0, 0, 0, 0, 0, 0, 0, 0, 0, 0, 0, 0, 0, 0, 0, 0, 0, 0, 0, 0, 0, 0, 0, 0, 0, 0, 0, 0, 0, 0, 0, 0, 0, 0, 0, 0, 0, 0, 0, 0, 0, 0, 0, 0, 0, 0, 0, 0, 0, 0, 0, 0, 0, 0, 0, 0, 0, 0, 0, 0, 0, 0, 0, 0, 0, 0, 0, 0, 0, 0, 0, 0, 0, 0, 0, 0, 0, 0, 0, 0, 0, 0, 0, 0, 0, 0, 0, 0, 0, 0, -0.565126, -0.60014, -0.652661, -0.740196, -0.77521, -0.792717, -0.792717, -0.827731, -0.827731, -0.862745, -0.915266, -0.915266, -0.967787, -0.967787, -0.95028,  ... ); Estimated precision: 51 bits

Plaintext[1]: (-1.26414, -1.28157, -1.31643, -1.36871, -1.421, -1.43843, -1.421, -1.47329, -1.49072, -1.47329, -1.49072, -1.45586, -1.45586, -1.49072, -1.50815,  ... ); Estimated precision: 51 bits

Plaintext[2]: (0.553558, 0.519308, 0.467934, 0.41656, 0.399435, 0.365185, 0.348061, 0.348061, 0.330936, 0.296686, 0.245312, 0.193938, 0.159688, 0.142564, 0.159688, 0, 0, 0, 0, 0, 0, 0, 0, 0, 0, 0, 0, 0, 0, 0, 0, 0, 0, 0, 0, 0, 0, 0, 0, 0, 0, 0, 0, 0, 0, 0, 0, 0, 0, 0, 0, 0, 0, 0, 0, 0, 0, 0, 0, 0, 0, 0, 0, 0, 0, 0, 0, 0, 0, 0, 0, 0, 0, 0, 0, 0, 0, 0, 0, 0, 0, 0, 0, 0, 0, 0, 0, 0, 0, 0, 0, 0, 0, 0, 0, 0, 0, 0, 0, 0, 0, 0, 0, 0, 0, 0, 0, 0, 0, 0, 0, 0, 0, 0, 0, 0, 0, 0, 0, 0, 0, 0, 0, 0, 0, 0, 0, 0, 0, 0, 0, 0, 0, 0, 0, 0, 0, 0, 0, 0, 0, 0, 0, 0, 0, 0, 0, 0, 0, 0, 0, 0, 0, 0, 0, 0, 0, 0, 0, 0, 0, 0, 0, 0, 0, 0, 0, 0, 0, 0, 0, 0, 0, 0, 0, 0, 0, 0, 0, 0, 0, 0, 0, 0, 0, 0, 0, 0, 0, 0, 0, 0, 0, 0, 0, 0, 0, 0, 0, 0, 0, 0, 0, 0, 0, 0, 0, 0, 0, 0, 0, 0, 0, 0, 0, 0, 0, 0, 0, 0, 0, 0, 0, 0, -0.60014, -0.617647, -0.652661, -0.740196, -0.757703, -0.757703, -0.757703, -0.757703, -0.77521, -0.810224, -0.845238, -0.862745, -0.932773, -0.915266, -0.915266,  ... ); Estimated precision: 51 bits

Plaintext[2]: (-1.299, -1.28157, -1.31643, -1.36871, -1.38614, -1.40357, -1.40357, -1.43843, -1.43843, -1.45586, -1.49072, -1.47329, -1.47329, -1.49072, -1.52558,  ... ); Estimated precision: 51 bits

Plaintext[3]: (0.519308, 0.485059, 0.450809, 0.399435, 0.399435, 0.399435, 0.38231, 0.38231, 0.38231, 0.365185, 0.330936, 0.279562, 0.262437, 0.245312, 0.245312, 0, 0, 0, 0, 0, 0, 0, 0, 0, 0, 0, 0, 0, 0, 0, 0, 0, 0, 0, 0, 0, 0, 0, 0, 0, 0, 0, 0, 0, 0, 0, 0, 0, 0, 0, 0, 0, 0, 0, 0, 0, 0, 0, 0, 0, 0, 0, 0, 0, 0, 0, 0, 0, 0, 0, 0, 0, 0, 0, 0, 0, 0, 0, 0, 0, 0, 0, 0, 0, 0, 0, 0, 0, 0, 0, 0, 0, 0, 0, 0, 0, 0, 0, 0, 0, 0, 0, 0, 0, 0, 0, 0, 0, 0, 0, 0, 0, 0, 0, 0, 0, 0, 0, 0, 0, 0, 0, 0, 0, 0, 0, 0, 0, 0, 0, 0, 0, 0, 0, 0, 0, 0, 0, 0, 0, 0, 0, 0, 0, 0, 0, 0, 0, 0, 0, 0, 0, 0, 0, 0, 0, 0, 0, 0, 0, 0, 0, 0, 0, 0, 0, 0, 0, 0, 0, 0, 0, 0, 0, 0, 0, 0, 0, 0, 0, 0, 0, 0, 0, 0, 0, 0, 0, 0, 0, 0, 0, 0, 0, 0, 0, 0, 0, 0, 0, 0, 0, 0, 0, 0, 0, 0, 0, 0, 0, 0, 0, 0, 0, 0, 0, 0, 0, 0, 0, 0, 0, 0, 0, -0.635154, -0.652661, -0.687675, -0.740196, -0.740196, -0.740196, -0.740196, -0.722689, -0.722689, -0.740196, -0.757703, -0.792717, -0.862745, -0.845238, -0.845238,  ... ); Estimated precision: 51 bits

Plaintext[3]: (-1.299, -1.299, -1.33386, -1.38614, -1.38614, -1.36871, -1.38614, -1.38614, -1.40357, -1.40357, -1.43843, -1.47329, -1.47329, -1.45586, -1.49072,  ... ); Estimated precision: 51 bits

Plaintext[4]: (0.41656, 0.38231, 0.348061, 0.313811, 0.313811, 0.330936, 0.365185, 0.365185, 0.38231, 0.399435, 0.38231, 0.330936, 0.313811, 0.279562, 0.296686, 0, 0, 0, 0, 0, 0, 0, 0, 0, 0, 0, 0, 0, 0, 0, 0, 0, 0, 0, 0, 0, 0, 0, 0, 0, 0, 0, 0, 0, 0, 0, 0, 0, 0, 0, 0, 0, 0, 0, 0, 0, 0, 0, 0, 0, 0, 0, 0, 0, 0, 0, 0, 0, 0, 0, 0, 0, 0, 0, 0, 0, 0, 0, 0, 0, 0, 0, 0, 0, 0, 0, 0, 0, 0, 0, 0, 0, 0, 0, 0, 0, 0, 0, 0, 0, 0, 0, 0, 0, 0, 0, 0, 0, 0, 0, 0, 0, 0, 0, 0, 0, 0, 0, 0, 0, 0, 0, 0, 0, 0, 0, 0, 0, 0, 0, 0, 0, 0, 0, 0, 0, 0, 0, 0, 0, 0, 0, 0, 0, 0, 0, 0, 0, 0, 0, 0, 0, 0, 0, 0, 0, 0, 0, 0, 0, 0, 0, 0, 0, 0, 0, 0, 0, 0, 0, 0, 0, 0, 0, 0, 0, 0, 0, 0, 0, 0, 0, 0, 0, 0, 0, 0, 0, 0, 0, 0, 0, 0, 0, 0, 0, 0, 0, 0, 0, 0, 0, 0, 0, 0, 0, 0, 0, 0, 0, 0, 0, 0, 0, 0, 0, 0, 0, 0, 0, 0, 0, 0, 0, -0.740196, -0.77521, -0.792717, -0.810224, -0.792717, -0.77521, -0.757703, -0.757703, -0.757703, -0.740196, -0.757703, -0.810224, -0.827731, -0.810224, -0.792717,  ... ); Estimated precision: 51 bits

Plaintext[4]: (-1.35129, -1.38614, -1.421, -1.43843, -1.43843, -1.421, -1.38614, -1.40357, -1.421, -1.40357, -1.421, -1.45586, -1.45586, -1.43843, -1.43843,  ... ); Estimated precision: 51 bits

Plaintext[5]: (0.279562, 0.245312, 0.211063, 0.193938, 0.211063, 0.211063, 0.193938, 0.228187, 0.262437, 0.296686, 0.296686, 0.262437, 0.262437, 0.228187, 0.228187, 0, 0, 0, 0, 0, 0, 0, 0, 0, 0, 0, 0, 0, 0, 0, 0, 0, 0, 0, 0, 0, 0, 0, 0, 0, 0, 0, 0, 0, 0, 0, 0, 0, 0, 0, 0, 0, 0, 0, 0, 0, 0, 0, 0, 0, 0, 0, 0, 0, 0, 0, 0, 0, 0, 0, 0, 0, 0, 0, 0, 0, 0, 0, 0, 0, 0, 0, 0, 0, 0, 0, 0, 0, 0, 0, 0, 0, 0, 0, 0, 0, 0, 0, 0, 0, 0, 0, 0, 0, 0, 0, 0, 0, 0, 0, 0, 0, 0, 0, 0, 0, 0, 0, 0, 0, 0, 0, 0, 0, 0, 0, 0, 0, 0, 0, 0, 0, 0, 0, 0, 0, 0, 0, 0, 0, 0, 0, 0, 0, 0, 0, 0, 0, 0, 0, 0, 0, 0, 0, 0, 0, 0, 0, 0, 0, 0, 0, 0, 0, 0, 0, 0, 0, 0, 0, 0, 0, 0, 0, 0, 0, 0, 0, 0, 0, 0, 0, 0, 0, 0, 0, 0, 0, 0, 0, 0, 0, 0, 0, 0, 0, 0, 0, 0, 0, 0, 0, 0, 0, 0, 0, 0, 0, 0, 0, 0, 0, 0, 0, 0, 0, 0, 0, 0, 0, 0, 0, 0, 0, -0.845238, -0.880252, -0.897759, -0.897759, -0.862745, -0.845238, -0.862745, -0.845238, -0.827731, -0.827731, -0.827731, -0.845238, -0.862745, -0.862745, -0.845238,  ... ); Estimated precision: 51 bits

Plaintext[5]: (-1.36871, -1.40357, -1.421, -1.45586, -1.45586, -1.47329, -1.47329, -1.45586, -1.43843, -1.43843, -1.45586, -1.49072, -1.45586, -1.47329, -1.45586,  ... ); Estimated precision: 51 bits

Plaintext[6]: (0.0740646, 0.039815, 0.039815, 0.039815, 0.0569397, 0.0740646, 0.039815, 0.0911894, 0.142564, 0.159688, 0.159688, 0.142564, 0.142564, 0.125439, 0.0569397, 0, 0, 0, 0, 0, 0, 0, 0, 0, 0, 0, 0, 0, 0, 0, 0, 0, 0, 0, 0, 0, 0, 0, 0, 0, 0, 0, 0, 0, 0, 0, 0, 0, 0, 0, 0, 0, 0, 0, 0, 0, 0, 0, 0, 0, 0, 0, 0, 0, 0, 0, 0, 0, 0, 0, 0, 0, 0, 0, 0, 0, 0, 0, 0, 0, 0, 0, 0, 0, 0, 0, 0, 0, 0, 0, 0, 0, 0, 0, 0, 0, 0, 0, 0, 0, 0, 0, 0, 0, 0, 0, 0, 0, 0, 0, 0, 0, 0, 0, 0, 0, 0, 0, 0, 0, 0, 0, 0, 0, 0, 0, 0, 0, 0, 0, 0, 0, 0, 0, 0, 0, 0, 0, 0, 0, 0, 0, 0, 0, 0, 0, 0, 0, 0, 0, 0, 0, 0, 0, 0, 0, 0, 0, 0, 0, 0, 0, 0, 0, 0, 0, 0, 0, 0, 0, 0, 0, 0, 0, 0, 0, 0, 0, 0, 0, 0, 0, 0, 0, 0, 0, 0, 0, 0, 0, 0, 0, 0, 0, 0, 0, 0, 0, 0, 0, 0, 0, 0, 0, 0, 0, 0, 0, 0, 0, 0, 0, 0, 0, 0, 0, 0, 0, 0, 0, 0, 0, 0, 0, -0.967787, -0.985294, -0.985294, -0.967787, -0.95028, -0.915266, -0.95028, -0.915266, -0.897759, -0.897759, -0.897759, -0.915266, -0.932773, -0.95028, -0.95028,  ... ); Estimated precision: 51 bits

Plaintext[6]: (-1.43843, -1.45586, -1.45586, -1.45586, -1.47329, -1.45586, -1.47329, -1.45586, -1.43843, -1.421, -1.45586, -1.47329, -1.43843, -1.47329, -1.49072,  ... ); Estimated precision: 51 bits

Plaintext[7]: (-0.114308, -0.148557, -0.131433, -0.131433, -0.114308, -0.0800583, -0.0629335, -0.028684, -0.0115593, 0.0226902, 0.039815, 0.0226902, 0.00556549, -0.028684, -0.0800583, 0, 0, 0, 0, 0, 0, 0, 0, 0, 0, 0, 0, 0, 0, 0, 0, 0, 0, 0, 0, 0, 0, 0, 0, 0, 0, 0, 0, 0, 0, 0, 0, 0, 0, 0, 0, 0, 0, 0, 0, 0, 0, 0, 0, 0, 0, 0, 0, 0, 0, 0, 0, 0, 0, 0, 0, 0, 0, 0, 0, 0, 0, 0, 0, 0, 0, 0, 0, 0, 0, 0, 0, 0, 0, 0, 0, 0, 0, 0, 0, 0, 0, 0, 0, 0, 0, 0, 0, 0, 0, 0, 0, 0, 0, 0, 0, 0, 0, 0, 0, 0, 0, 0, 0, 0, 0, 0, 0, 0, 0, 0, 0, 0, 0, 0, 0, 0, 0, 0, 0, 0, 0, 0, 0, 0, 0, 0, 0, 0, 0, 0, 0, 0, 0, 0, 0, 0, 0, 0, 0, 0, 0, 0, 0, 0, 0, 0, 0, 0, 0, 0, 0, 0, 0, 0, 0, 0, 0, 0, 0, 0, 0, 0, 0, 0, 0, 0, 0, 0, 0, 0, 0, 0, 0, 0, 0, 0, 0, 0, 0, 0, 0, 0, 0, 0, 0, 0, 0, 0, 0, 0, 0, 0, 0, 0, 0, 0, 0, 0, 0, 0, 0, 0, 0, 0, 0, 0, 0, 0, -1.05532, -1.09034, -1.09034, -1.07283, -1.05532, -1.03782, -1.02031, -1.02031, -1.02031, -1.0028, -0.985294, -1.0028, -0.985294, -1.03782, -1.03782,  ... ); Estimated precision: 51 bits

Plaintext[7]: (-1.50815, -1.50815, -1.49072, -1.49072, -1.47329, -1.45586, -1.47329, -1.45586, -1.45586, -1.45586, -1.47329, -1.49072, -1.47329, -1.47329, -1.49072,  ... ); Estimated precision: 51 bits

Plaintext[8]: (-0.268431, -0.30268, -0.30268, -0.285555, -0.268431, -0.251306, -0.234181, -0.217056, -0.182807, -0.114308, -0.097183, -0.0800583, -0.114308, -0.148557, -0.165682, 0, 0, 0, 0, 0, 0, 0, 0, 0, 0, 0, 0, 0, 0, 0, 0, 0, 0, 0, 0, 0, 0, 0, 0, 0, 0, 0, 0, 0, 0, 0, 0, 0, 0, 0, 0, 0, 0, 0, 0, 0, 0, 0, 0, 0, 0, 0, 0, 0, 0, 0, 0, 0, 0, 0, 0, 0, 0, 0, 0, 0, 0, 0, 0, 0, 0, 0, 0, 0, 0, 0, 0, 0, 0, 0, 0, 0, 0, 0, 0, 0, 0, 0, 0, 0, 0, 0, 0, 0, 0, 0, 0, 0, 0, 0, 0, 0, 0, 0, 0, 0, 0, 0, 0, 0, 0, 0, 0, 0, 0, 0, 0, 0, 0, 0, 0, 0, 0, 0, 0, 0, 0, 0, 0, 0, 0, 0, 0, 0, 0, 0, 0, 0, 0, 0, 0, 0, 0, 0, 0, 0, 0, 0, 0, 0, 0, 0, 0, 0, 0, 0, 0, 0, 0, 0, 0, 0, 0, 0, 0, 0, 0, 0, 0, 0, 0, 0, 0, 0, 0, 0, 0, 0, 0, 0, 0, 0, 0, 0, 0, 0, 0, 0, 0, 0, 0, 0, 0, 0, 0, 0, 0, 0, 0, 0, 0, 0, 0, 0, 0, 0, 0, 0, 0, 0, 0, 0, 0, 0, -1.16036, -1.19538, -1.19538, -1.17787, -1.17787, -1.17787, -1.16036, -1.17787, -1.16036, -1.12535, -1.09034, -1.07283, -1.07283, -1.09034, -1.07283,  ... ); Estimated precision: 51 bits

Plaintext[8]: (-1.56044, -1.56044, -1.54301, -1.52558, -1.50815, -1.50815, -1.52558, -1.52558, -1.50815, -1.49072, -1.49072, -1.49072, -1.49072, -1.49072, -1.49072,  ... ); Estimated precision: 51 bits

Plaintext[9]: (-0.371179, -0.388304, -0.354054, -0.33693, -0.33693, -0.33693, -0.371179, -0.371179, -0.319805, -0.268431, -0.251306, -0.234181, -0.234181, -0.251306, -0.285555, 0, 0, 0, 0, 0, 0, 0, 0, 0, 0, 0, 0, 0, 0, 0, 0, 0, 0, 0, 0, 0, 0, 0, 0, 0, 0, 0, 0, 0, 0, 0, 0, 0, 0, 0, 0, 0, 0, 0, 0, 0, 0, 0, 0, 0, 0, 0, 0, 0, 0, 0, 0, 0, 0, 0, 0, 0, 0, 0, 0, 0, 0, 0, 0, 0, 0, 0, 0, 0, 0, 0, 0, 0, 0, 0, 0, 0, 0, 0, 0, 0, 0, 0, 0, 0, 0, 0, 0, 0, 0, 0, 0, 0, 0, 0, 0, 0, 0, 0, 0, 0, 0, 0, 0, 0, 0, 0, 0, 0, 0, 0, 0, 0, 0, 0, 0, 0, 0, 0, 0, 0, 0, 0, 0, 0, 0, 0, 0, 0, 0, 0, 0, 0, 0, 0, 0, 0, 0, 0, 0, 0, 0, 0, 0, 0, 0, 0, 0, 0, 0, 0, 0, 0, 0, 0, 0, 0, 0, 0, 0, 0, 0, 0, 0, 0, 0, 0, 0, 0, 0, 0, 0, 0, 0, 0, 0, 0, 0, 0, 0, 0, 0, 0, 0, 0, 0, 0, 0, 0, 0, 0, 0, 0, 0, 0, 0, 0, 0, 0, 0, 0, 0, 0, 0, 0, 0, 0, 0, 0, -1.21289, -1.23039, -1.19538, -1.19538, -1.21289, -1.23039, -1.23039, -1.2479, -1.23039, -1.19538, -1.17787, -1.17787, -1.17787, -1.14286, -1.17787,  ... ); Estimated precision: 51 bits

Plaintext[9]: (-1.54301, -1.54301, -1.50815, -1.49072, -1.50815, -1.52558, -1.52558, -1.54301, -1.54301, -1.50815, -1.52558, -1.50815, -1.50815, -1.49072, -1.50815,  ... ); Estimated precision: 51 bits

Plaintext[10]: (-0.405429, -0.405429, -0.371179, -0.371179, -0.371179, -0.388304, -0.388304, -0.371179, -0.371179, -0.33693, -0.319805, -0.319805, -0.285555, -0.285555, -0.33693, 0, 0, 0, 0, 0, 0, 0, 0, 0, 0, 0, 0, 0, 0, 0, 0, 0, 0, 0, 0, 0, 0, 0, 0, 0, 0, 0, 0, 0, 0, 0, 0, 0, 0, 0, 0, 0, 0, 0, 0, 0, 0, 0, 0, 0, 0, 0, 0, 0, 0, 0, 0, 0, 0, 0, 0, 0, 0, 0, 0, 0, 0, 0, 0, 0, 0, 0, 0, 0, 0, 0, 0, 0, 0, 0, 0, 0, 0, 0, 0, 0, 0, 0, 0, 0, 0, 0, 0, 0, 0, 0, 0, 0, 0, 0, 0, 0, 0, 0, 0, 0, 0, 0, 0, 0, 0, 0, 0, 0, 0, 0, 0, 0, 0, 0, 0, 0, 0, 0, 0, 0, 0, 0, 0, 0, 0, 0, 0, 0, 0, 0, 0, 0, 0, 0, 0, 0, 0, 0, 0, 0, 0, 0, 0, 0, 0, 0, 0, 0, 0, 0, 0, 0, 0, 0, 0, 0, 0, 0, 0, 0, 0, 0, 0, 0, 0, 0, 0, 0, 0, 0, 0, 0, 0, 0, 0, 0, 0, 0, 0, 0, 0, 0, 0, 0, 0, 0, 0, 0, 0, 0, 0, 0, 0, 0, 0, 0, 0, 0, 0, 0, 0, 0, 0, 0, 0, 0, 0, 0, -1.2479, -1.23039, -1.19538, -1.19538, -1.23039, -1.23039, -1.19538, -1.21289, -1.21289, -1.19538, -1.16036, -1.17787, -1.21289, -1.17787, -1.21289,  ... ); Estimated precision: 51 bits

Plaintext[10]: (-1.56044, -1.54301, -1.52558, -1.52558, -1.54301, -1.54301, -1.50815, -1.50815, -1.50815, -1.49072, -1.47329, -1.47329, -1.45586, -1.43843, -1.47329,  ... ); Estimated precision: 51 bits

Plaintext[11]: (-0.319805, -0.285555, -0.285555, -0.285555, -0.285555, -0.30268, -0.30268, -0.285555, -0.30268, -0.285555, -0.268431, -0.30268, -0.285555, -0.30268, -0.33693, 0, 0, 0, 0, 0, 0, 0, 0, 0, 0, 0, 0, 0, 0, 0, 0, 0, 0, 0, 0, 0, 0, 0, 0, 0, 0, 0, 0, 0, 0, 0, 0, 0, 0, 0, 0, 0, 0, 0, 0, 0, 0, 0, 0, 0, 0, 0, 0, 0, 0, 0, 0, 0, 0, 0, 0, 0, 0, 0, 0, 0, 0, 0, 0, 0, 0, 0, 0, 0, 0, 0, 0, 0, 0, 0, 0, 0, 0, 0, 0, 0, 0, 0, 0, 0, 0, 0, 0, 0, 0, 0, 0, 0, 0, 0, 0, 0, 0, 0, 0, 0, 0, 0, 0, 0, 0, 0, 0, 0, 0, 0, 0, 0, 0, 0, 0, 0, 0, 0, 0, 0, 0, 0, 0, 0, 0, 0, 0, 0, 0, 0, 0, 0, 0, 0, 0, 0, 0, 0, 0, 0, 0, 0, 0, 0, 0, 0, 0, 0, 0, 0, 0, 0, 0, 0, 0, 0, 0, 0, 0, 0, 0, 0, 0, 0, 0, 0, 0, 0, 0, 0, 0, 0, 0, 0, 0, 0, 0, 0, 0, 0, 0, 0, 0, 0, 0, 0, 0, 0, 0, 0, 0, 0, 0, 0, 0, 0, 0, 0, 0, 0, 0, 0, 0, 0, 0, 0, 0, 0, -1.19538, -1.16036, -1.14286, -1.14286, -1.16036, -1.16036, -1.16036, -1.14286, -1.16036, -1.14286, -1.14286, -1.16036, -1.14286, -1.12535, -1.14286,  ... ); Estimated precision: 51 bits

Plaintext[11]: (-1.50815, -1.49072, -1.49072, -1.49072, -1.49072, -1.49072, -1.47329, -1.47329, -1.47329, -1.45586, -1.43843, -1.45586, -1.47329, -1.45586, -1.49072,  ... ); Estimated precision: 51 bits

Plaintext[12]: (-0.131433, -0.0800583, -0.0629335, -0.0629335, -0.0629335, -0.0629335, -0.0800583, -0.0629335, -0.0629335, -0.0629335, -0.0800583, -0.097183, -0.148557, -0.165682, -0.199932, 0, 0, 0, 0, 0, 0, 0, 0, 0, 0, 0, 0, 0, 0, 0, 0, 0, 0, 0, 0, 0, 0, 0, 0, 0, 0, 0, 0, 0, 0, 0, 0, 0, 0, 0, 0, 0, 0, 0, 0, 0, 0, 0, 0, 0, 0, 0, 0, 0, 0, 0, 0, 0, 0, 0, 0, 0, 0, 0, 0, 0, 0, 0, 0, 0, 0, 0, 0, 0, 0, 0, 0, 0, 0, 0, 0, 0, 0, 0, 0, 0, 0, 0, 0, 0, 0, 0, 0, 0, 0, 0, 0, 0, 0, 0, 0, 0, 0, 0, 0, 0, 0, 0, 0, 0, 0, 0, 0, 0, 0, 0, 0, 0, 0, 0, 0, 0, 0, 0, 0, 0, 0, 0, 0, 0, 0, 0, 0, 0, 0, 0, 0, 0, 0, 0, 0, 0, 0, 0, 0, 0, 0, 0, 0, 0, 0, 0, 0, 0, 0, 0, 0, 0, 0, 0, 0, 0, 0, 0, 0, 0, 0, 0, 0, 0, 0, 0, 0, 0, 0, 0, 0, 0, 0, 0, 0, 0, 0, 0, 0, 0, 0, 0, 0, 0, 0, 0, 0, 0, 0, 0, 0, 0, 0, 0, 0, 0, 0, 0, 0, 0, 0, 0, 0, 0, 0, 0, 0, 0, -1.09034, -1.02031, -1.0028, -0.985294, -0.985294, -0.985294, -1.0028, -1.0028, -1.0028, -1.0028, -1.02031, -1.03782, -1.02031, -1.02031, -1.03782,  ... ); Estimated precision: 51 bits

Plaintext[12]: (-1.45586, -1.421, -1.421, -1.40357, -1.38614, -1.38614, -1.38614, -1.38614, -1.38614, -1.38614, -1.38614, -1.36871, -1.36871, -1.36871, -1.38614,  ... ); Estimated precision: 51 bits

Plaintext[13]: (0.0226902, 0.0740646, 0.125439, 0.159688, 0.159688, 0.142564, 0.142564, 0.142564, 0.176813, 0.193938, 0.193938, 0.176813, 0.176813, 0.142564, 0.125439, 0, 0, 0, 0, 0, 0, 0, 0, 0, 0, 0, 0, 0, 0, 0, 0, 0, 0, 0, 0, 0, 0, 0, 0, 0, 0, 0, 0, 0, 0, 0, 0, 0, 0, 0, 0, 0, 0, 0, 0, 0, 0, 0, 0, 0, 0, 0, 0, 0, 0, 0, 0, 0, 0, 0, 0, 0, 0, 0, 0, 0, 0, 0, 0, 0, 0, 0, 0, 0, 0, 0, 0, 0, 0, 0, 0, 0, 0, 0, 0, 0, 0, 0, 0, 0, 0, 0, 0, 0, 0, 0, 0, 0, 0, 0, 0, 0, 0, 0, 0, 0, 0, 0, 0, 0, 0, 0, 0, 0, 0, 0, 0, 0, 0, 0, 0, 0, 0, 0, 0, 0, 0, 0, 0, 0, 0, 0, 0, 0, 0, 0, 0, 0, 0, 0, 0, 0, 0, 0, 0, 0, 0, 0, 0, 0, 0, 0, 0, 0, 0, 0, 0, 0, 0, 0, 0, 0, 0, 0, 0, 0, 0, 0, 0, 0, 0, 0, 0, 0, 0, 0, 0, 0, 0, 0, 0, 0, 0, 0, 0, 0, 0, 0, 0, 0, 0, 0, 0, 0, 0, 0, 0, 0, 0, 0, 0, 0, 0, 0, 0, 0, 0, 0, 0, 0, 0, 0, 0, 0, -0.95028, -0.880252, -0.845238, -0.827731, -0.810224, -0.827731, -0.845238, -0.845238, -0.810224, -0.810224, -0.810224, -0.827731, -0.810224, -0.810224, -0.827731,  ... ); Estimated precision: 51 bits

Plaintext[13]: (-1.421, -1.38614, -1.36871, -1.33386, -1.33386, -1.299, -1.31643, -1.33386, -1.31643, -1.299, -1.28157, -1.26414, -1.26414, -1.24671, -1.24671,  ... ); Estimated precision: 51 bits

Plaintext[14]: (0.142564, 0.211063, 0.279562, 0.330936, 0.330936, 0.296686, 0.279562, 0.279562, 0.330936, 0.365185, 0.365185, 0.38231, 0.399435, 0.399435, 0.399435, 0, 0, 0, 0, 0, 0, 0, 0, 0, 0, 0, 0, 0, 0, 0, 0, 0, 0, 0, 0, 0, 0, 0, 0, 0, 0, 0, 0, 0, 0, 0, 0, 0, 0, 0, 0, 0, 0, 0, 0, 0, 0, 0, 0, 0, 0, 0, 0, 0, 0, 0, 0, 0, 0, 0, 0, 0, 0, 0, 0, 0, 0, 0, 0, 0, 0, 0, 0, 0, 0, 0, 0, 0, 0, 0, 0, 0, 0, 0, 0, 0, 0, 0, 0, 0, 0, 0, 0, 0, 0, 0, 0, 0, 0, 0, 0, 0, 0, 0, 0, 0, 0, 0, 0, 0, 0, 0, 0, 0, 0, 0, 0, 0, 0, 0, 0, 0, 0, 0, 0, 0, 0, 0, 0, 0, 0, 0, 0, 0, 0, 0, 0, 0, 0, 0, 0, 0, 0, 0, 0, 0, 0, 0, 0, 0, 0, 0, 0, 0, 0, 0, 0, 0, 0, 0, 0, 0, 0, 0, 0, 0, 0, 0, 0, 0, 0, 0, 0, 0, 0, 0, 0, 0, 0, 0, 0, 0, 0, 0, 0, 0, 0, 0, 0, 0, 0, 0, 0, 0, 0, 0, 0, 0, 0, 0, 0, 0, 0, 0, 0, 0, 0, 0, 0, 0, 0, 0, 0, 0, -0.827731, -0.792717, -0.740196, -0.687675, -0.687675, -0.722689, -0.740196, -0.757703, -0.705182, -0.670168, -0.670168, -0.652661, -0.635154, -0.635154, -0.60014,  ... ); Estimated precision: 51 bits

Plaintext[14]: (-1.35129, -1.31643, -1.299, -1.26414, -1.24671, -1.28157, -1.28157, -1.28157, -1.26414, -1.21185, -1.19442, -1.17699, -1.17699, -1.17699, -1.14213,  ... ); Estimated precision: 51 bits

conv_bn1 forward
check point added cts
after conv_bn1 forward
ENCRYPTED_HEIGHT_START: 0
ENCRYPTED_HEIGHT_END: 8
ENCRYPTED_WIDTH_START: 0
ENCRYPTED_WIDTH_END: 8
relu1 forward
finish unencrypted relu_ss
finished relu1 forward
conv_bn2 forward
check point added cts
after conv_bn2 forward
ENCRYPTED_HEIGHT_START: 0
ENCRYPTED_HEIGHT_END: 4
ENCRYPTED_WIDTH_START: 0
ENCRYPTED_WIDTH_END: 4
relu2 forward
finish unencrypted relu_ss
finished relu2 forward
conv_bn3 forward
check point added cts
after conv_bn3 forward
ENCRYPTED_HEIGHT_START: 0
ENCRYPTED_HEIGHT_END: 5
ENCRYPTED_WIDTH_START: 0
ENCRYPTED_WIDTH_END: 5
relu3 forward
finish unencrypted relu_ss
finished relu3 forward
conv_bn4 forward
check point added cts
after conv_bn4 forward
ENCRYPTED_HEIGHT_START: 0
ENCRYPTED_HEIGHT_END: 6
ENCRYPTED_WIDTH_START: 0
ENCRYPTED_WIDTH_END: 6
relu4 forward
finish unencrypted relu_ss
finished relu4 forward
predicted result: -1
prediction time: 106654ms
